0637 
0728 
0437 
257 
0492 
296 
0168 
0569 
0526 
0583 
1112 
292 
0268 
247 
262 
0197 
1100 
1712 
1800 
1111 
0158 
1712 
1700 
0824 
0746 
283 
1300 
234 
1511 
0642 
0175 
274 
294 
0281 
1611 
1812 
1400 
0347 
272 
0167 
0927 
0485 
1500 
1700 
0183 
0215 
0683 
0647 
1500 
0468 
0456 
291 
232 
1500 
1312 
0139 
279 
1311 
1112 
0195 
1200 
0749 
1500 
1500 
0364 
293 
263 
1400 
0345 
0954 
0213 
0839 
1100 
1211 
0714 
1300 
227 
1100 
0152 
1211 
1100 
1212 
1400 
0751 
0821 
1612 
221 
249 
0215 
1512 
1500 
1511 
1900 
1611 
1912 
0756 
1200 
0871 
1200 
0165 
0527 
1512 
278 
221 
1700 
236 
0829 
1112 
0789 
0653 
0628 
0425 
1612 
0421 
256 
1811 
1912 
1500 
0479 
1311 
1612 
1111 
0513 
1411 
0498 
0678 
0372 
1611 
1411 
0875 
1711 
1200 
0621 
1600 
1112 
1700 
238 
1312 
294 
236 
237 
0864 
1700 
1412 
1511 
0925 
1700 
0276 
1300 
1612 
0782 
0692 
216 
0456 
1212 
0341 
0627 
257 
0641 
0134 
1611 
0578 
0543 
0817 
284 
212 
1100 
1412 
0381 
0523 
224 
0548 
0546 
1300 
0832 
236 
0692 
0867 
0387 
0218 
0918 
295 
219 
1200 
1100 
0968 
0624 
1312 
1300 
297 
1312 
1500 
0385 
1600 
218 
1700 
0231 
1200 
1600 
0674 
